      -24
      109
      140
      117
      175
      146
      165
      176
      202
      180
      196
      193
      215
      210
      227
      236
      250
      242
      243
      251
      265
      269
      282
      295
      307
      317
      330
      338
      359
      370
      379
      407
      437
      457
      479
      507
      535
      580
      612
      665
      720
      784
      864
      964
     1106
     1277
     1519
     1878
     2455
     3553
     6483
    38740
    -9645
    -4267
    -2744
    -2014
    -1585
    -1311
    -1114
     -961
     -849
     -758
     -680
     -622
     -572
     -527
     -488
     -451
     -424
     -404
     -374
     -359
     -338
     -325
     -311
     -295
     -269
     -274
     -257
     -248
     -237
     -228
     -219
     -214
     -197
     -192
     -193
     -184
     -177
     -171
     -174
     -157
     -159
     -151
     -144
     -138
     -130
     -136
     -130
     -124
     -122
     -118
     -109
     -131
     -123
     -106
     -108
     -104
      -96
     -102
      -96
      -91
      -89
      -90
      -86
      -78
      -76
      -81
      -74
      -73
      -77
      -75
      -72
      -71
      -66
      -64
      -62
      -54
      -55
      -65
      -58
      -54
      -57
      -54
      -46
      -49
      -48
      -58
      -54
      -44
      -45
      -44
      -51
      -48
      -39
      -34
      -39
      -40
      -40
      -34
      -36
      -34
      -36
      -28
      -25
      -33
      -33
      -31
      -32
      -31
      -27
      -32
      -31
      -28
      -23
      -21
      -31
      -22
      -27
      -21
      -25
      -29
      -25
      -28
      -23
      -11
      -16
      -17
      -15
      -19
      -23
      -18
      -13
      -18
      -11
      -10
       -8
      -10
      -15
      -18
      -13
      -15
       -6
      -15
      -13
      -14
       -4
       -5
       -1
       -9
        0
        1
       -7
        1
      -10
       31
        0
       -6
        1
        3
       -1
       -6
        0
        3
       -2
        7
        5
        8
       -5
        5
        8
        9
        5
        3
        8
        2
        8
       11
       12
        6
       14
        9
       11
       11
        7
        4
        5
        5
       10
       12
       15
       11
       21
       20
       16
       14
       22
       15
       12
       24
       25
       15
       19
       26
       17
        5
       20
       26
       19
       18
       22
       17
       16
       13
       29
       19
       13
       20
       24
       19
       14
       27
       23
       23
       28
       30
       30
       32
       27
       26
       28
       30
       21
       29
       28
       25
       28
       36
       30
       36
       32
       28
       30
       29
       39
       22
       33
       27
       33
       37
       37
       36
       40
       35
       40
       44
       46
       81
       20
       30
       31
       27
       30
       32
       33
       32
       32
       33
       41
       39
       37
       40
       43
       40
       45
       41
       39
       36
       41
       46
       42
       42
       48
       45
       38
       41
       42
       37
       48
       53
       48
       53
       48
       41
       52
       46
       51
       44
       46
       48
       49
       53
       51
       49
       53
       55
       57
       65
       82
       30
       40
       37
       43
       47
       45
       41
       55
       44
       48
       49
       55
       51
       55
       48
       59
       54
       52
       54
       45
       46
       57
       57
       59
       63
       55
       54
       59
       59
       60
       63
       65
       64
       65
       59
       61
       63
       62
       59
       70
       61
       66
       65
       64
       67
       61
       69
       71
       61
       77
       61
       82
       74
       74
       72
       77
       80
       68
       71
       76
       73
       78
       72
       88
       71
       78
       86
       84
       72
       78
       75
       80
       78
       85
       84
       86
       82
       76
       79
       90
       85
       86
       89
       77
       87
       84
       91
       88
       94
       95
       94
       94
       97
       99
       96
      108
      108
      101
      114
      112
      104
      123
       14
       83
       93
       90
       96
      104
      111
      101
      108
      111
      104
      108
      109
      108
      104
      113
      110
      106
      114
      115
      125
      133
      130
      125
      127
      133
      128
      128
      138
      138
      141
      142
      140
      147
      139
      138
      146
      142
      167
      141
      159
      161
      168
      153
      169
      162
      186
      158
      165
      162
      142
