     -198
        9
       48
       71
       59
       86
       70
       81
       73
       89
       99
       98
      100
      102
      106
      111
      108
      106
      118
      128
      132
      143
      152
      156
      158
      166
      170
      191
      198
      207
      219
      231
      236
      254
      273
      295
      327
      355
      377
      407
      455
      511
      562
      638
      734
      862
     1038
     1296
     1706
     2498
     4636
    28093
    -7085
    -3172
    -2059
    -1523
    -1218
    -1015
     -871
     -758
     -683
     -620
     -568
     -531
     -486
     -453
     -426
     -404
     -385
     -355
     -344
     -321
     -306
     -299
     -291
     -280
     -278
     -264
     -246
     -244
     -238
     -228
     -225
     -221
     -214
     -213
     -207
     -199
     -197
     -181
     -192
     -183
     -174
     -172
     -170
     -169
     -167
     -156
     -166
     -157
     -148
     -147
     -121
     -180
     -160
     -155
     -145
     -148
     -145
     -138
     -138
     -134
     -133
     -133
     -128
     -141
     -123
     -128
     -127
     -131
     -130
     -123
     -122
     -118
     -113
     -117
     -116
     -112
     -119
     -119
     -116
     -116
     -114
     -104
     -104
     -103
     -105
     -105
     -108
     -101
     -108
     -113
     -104
     -102
     -107
     -107
      -92
      -97
     -102
     -111
      -98
     -100
     -102
     -102
      -81
      -92
      -96
      -83
      -96
      -90
      -93
      -85
      -96
      -95
      -83
      -87
      -90
      -92
      -84
      -84
      -84
      -82
      -80
      -85
      -86
      -84
      -85
      -75
      -81
      -91
      -81
      -80
      -81
      -76
      -80
      -77
      -77
      -79
      -84
      -74
      -79
      -70
      -87
      -75
      -75
      -72
      -77
      -75
      -73
      -78
      -77
      -71
      -75
      -73
      -74
      -98
      -84
      -80
      -73
      -76
      -66
      -74
      -74
      -71
      -69
      -68
      -71
      -61
      -70
      -68
      -68
      -66
      -74
      -73
      -67
      -71
      -67
      -62
      -66
      -65
      -67
      -71
      -64
      -64
      -63
      -59
      -60
      -69
      -61
      -68
      -66
      -59
      -63
      -62
      -69
      -69
      -61
      -57
      -62
      -67
      -59
      -47
      -61
      -64
      -62
      -67
      -44
      -58
      -61
      -70
      -56
      -61
      -59
      -62
      -58
      -48
      -58
      -67
      -61
      -61
      -59
      -54
      -59
      -63
      -55
      -61
      -51
      -48
      -55
      -51
      -53
      -65
      -59
      -50
      -53
      -48
      -52
      -54
      -51
      -59
      -60
      -54
      -52
      -52
      -54
      -42
      -50
      -48
      -47
      -53
      -47
      -53
      -43
      -43
      -47
      -47
      -45
      -28
      -62
      -43
      -54
      -48
      -51
      -50
      -48
      -47
      -46
      -41
      -49
      -40
      -55
      -44
      -43
      -41
      -50
      -50
      -43
      -44
      -41
      -40
      -44
      -47
      -43
      -49
      -41
      -41
      -43
      -41
      -38
      -42
      -37
      -34
      -36
      -32
      -34
      -44
      -43
      -38
      -31
      -39
      -37
      -22
      -32
      -35
      -29
      -28
      -17
        2
       98
     -137
      -75
      -58
      -54
      -55
      -52
      -53
      -39
      -41
      -46
      -40
      -43
      -38
      -42
      -37
      -40
      -38
      -29
      -34
      -29
      -31
      -36
      -42
      -35
      -31
      -35
      -32
      -35
      -33
      -25
      -29
      -35
      -32
      -34
      -36
      -29
      -30
      -23
      -40
      -23
      -27
      -22
      -24
      -27
      -22
      -27
      -36
      -19
      -17
      -19
      -11
      -74
      -45
      -29
      -28
      -31
      -27
      -24
      -26
      -21
      -22
      -20
      -28
      -33
      -17
      -25
      -23
      -27
      -31
      -23
      -24
      -17
      -17
      -18
      -24
      -14
      -26
      -20
      -21
      -18
      -21
       -7
      -14
      -12
      -12
      -19
      -21
       -8
      -19
      -10
      -16
      -16
      -19
      -12
       -8
      -16
      -13
       -8
      -14
      -18
      -24
      -29
       79
        7
      -15
       -2
        5
        5
       -7
        1
      -10
        0
        3
        2
       -2
       -7
        1
        9
        1
       -3
        0
        6
        6
       10
        7
       15
       10
       -2
        0
       15
       13
       14
       10
       13
        4
       14
        7
       29
       20
       22
        1
       30
       10
       20
       10
       37
       16
        6
        0
       38
      -25
       25
      -14
